Compose;ID_Pretraitement;Code_R_Pretraitement;Meilleurs_Hyperparam_RF;Rc;R2cv;RMSEC;RMSECV
trans.alpha.carotene;1;list('adj',''), list('snv',''), list('sder',c(1,3,5));{'n_estimators': 200, 'min_samples_split': 2, 'min_samples_leaf': 4, 'max_features': 0.3, 'max_depth': 20};0.9435;0.4897;127.3127;251.6163
trans.alpha.carotene;2;list('adj',''), list('snv',''), list('sder',c(2,3,15));{'n_estimators': 100, 'min_samples_split': 2, 'min_samples_leaf': 4, 'max_features': 'sqrt', 'max_depth': 10};0.9453;0.4816;136.2995;253.6015
trans.alpha.carotene;3;list('adj',''), list('red',c(1,1300,1));{'n_estimators': 100, 'min_samples_split': 2, 'min_samples_leaf': 1, 'max_features': 'log2', 'max_depth': 10};0.9749;0.4816;97.8613;253.6099
trans.alpha.carotene;4;list('adj',''),list('red',c(950,700,1)),list('snv','');{'n_estimators': 500, 'min_samples_split': 10, 'min_samples_leaf': 4, 'max_features': 'log2', 'max_depth': 10};0.7677;-0.0969;259.2634;368.9057
trans.alpha.carotene;5;list('adj',''),list('red',c(950,750,1)),list('snv','');{'n_estimators': 500, 'min_samples_split': 10, 'min_samples_leaf': 4, 'max_features': 'log2', 'max_depth': 10};0.7749;-0.1095;256.7033;371.0108
trans.alpha.carotene;6;list('adj',''), list('red',c(1,1000,1)), list('snv','');{'n_estimators': 100, 'min_samples_split': 10, 'min_samples_leaf': 1, 'max_features': 0.3, 'max_depth': 20};0.918;0.3618;150.301;281.3991
trans.alpha.carotene;7;list('adj',''), list('red',c(1,1300,1)), list('snv','');{'n_estimators': 100, 'min_samples_split': 10, 'min_samples_leaf': 1, 'max_features': 0.3, 'max_depth': 20};0.9109;0.493;149.5535;250.8119
trans.alpha.carotene;8;list('adj',''), list('red',c(1,1200,1)), list('snv',''), list('sder',c(2,3,15));{'n_estimators': 200, 'min_samples_split': 5, 'min_samples_leaf': 1, 'max_features': 'sqrt', 'max_depth': None};0.9755;0.5221;100.8847;243.4968
trans.alpha.carotene;9;list('adj',''), list('red',c(1,1300,1)), list('snv',''), list('sder',c(0, 2, 9));{'n_estimators': 500, 'min_samples_split': 5, 'min_samples_leaf': 4, 'max_features': 0.3, 'max_depth': 20};0.9011;0.4678;157.6881;256.9586
trans.alpha.carotene;10;list('adj',''), list('red',c(1,1300,1)), list('snv',''), list('sder',c(0, 2, 15));{'n_estimators': 200, 'min_samples_split': 10, 'min_samples_leaf': 2, 'max_features': 0.3, 'max_depth': None};0.8983;0.473;159.5045;255.7137
trans.alpha.carotene;11;list('adj',''), list('red',c(1,1300,1)), list('snv',''), list('sder',c(0, 2, 21));{'n_estimators': 200, 'min_samples_split': 10, 'min_samples_leaf': 2, 'max_features': 0.3, 'max_depth': None};0.8986;0.4727;159.3549;255.7721
trans.alpha.carotene;12;list('adj',''), list('red',c(1,1300,1)), list('snv',''), list('sder',c(0, 2, 31));{'n_estimators': 100, 'min_samples_split': 5, 'min_samples_leaf': 2, 'max_features': 0.3, 'max_depth': 10};0.9382;0.4746;128.0945;255.3214
trans.alpha.carotene;13;list('adj',''), list('red',c(1,1300,1)), list('snv',''), list('sder',c(0, 3, 15));{'n_estimators': 200, 'min_samples_split': 10, 'min_samples_leaf': 2, 'max_features': 0.3, 'max_depth': None};0.8979;0.4759;159.7434;254.9999
trans.alpha.carotene;14;list('adj',''), list('red',c(1,1300,1)), list('snv',''), list('sder',c(0, 3, 21));{'n_estimators': 200, 'min_samples_split': 10, 'min_samples_leaf': 2, 'max_features': 0.3, 'max_depth': None};0.9001;0.4713;158.4136;256.1081
trans.alpha.carotene;15;list('adj',''), list('red',c(1,1300,1)), list('snv',''), list('sder',c(0, 3, 25));{'n_estimators': 200, 'min_samples_split': 10, 'min_samples_leaf': 2, 'max_features': 0.3, 'max_depth': None};0.8984;0.461;159.4393;258.5951
trans.alpha.carotene;16;list('adj',''), list('red',c(1,1300,1)), list('snv',''), list('sder',c(0, 3, 31));{'n_estimators': 200, 'min_samples_split': 10, 'min_samples_leaf': 2, 'max_features': 0.3, 'max_depth': None};0.8971;0.4646;160.5754;257.7243
trans.alpha.carotene;17;list('adj',''), list('red',c(1,1300,1)), list('snv',''), list('sder',c(1, 2, 5));{'n_estimators': 100, 'min_samples_split': 5, 'min_samples_leaf': 2, 'max_features': 0.3, 'max_depth': 10};0.961;0.5207;107.1279;243.851
trans.alpha.carotene;18;list('adj',''), list('red',c(1,1300,1)), list('snv',''), list('sder',c(1, 2, 9));{'n_estimators': 100, 'min_samples_split': 5, 'min_samples_leaf': 2, 'max_features': 'sqrt', 'max_depth': 10};0.9629;0.5233;107.9869;243.2055
trans.alpha.carotene;19;list('adj',''), list('red',c(1,1300,1)), list('snv',''), list('sder',c(1, 2, 11));{'n_estimators': 200, 'min_samples_split': 2, 'min_samples_leaf': 2, 'max_features': 'log2', 'max_depth': 10};0.9591;0.5302;114.553;241.4211
trans.alpha.carotene;20;list('adj',''), list('red',c(1,1300,1)), list('snv',''), list('sder',c(1, 2, 15));{'n_estimators': 100, 'min_samples_split': 2, 'min_samples_leaf': 1, 'max_features': 'sqrt', 'max_depth': 10};0.9809;0.5823;81.5754;227.6538
trans.alpha.carotene;21;list('adj',''), list('red',c(1,1300,1)), list('snv',''), list('sder',c(1, 2, 21));{'n_estimators': 100, 'min_samples_split': 2, 'min_samples_leaf': 1, 'max_features': 0.3, 'max_depth': 10};0.9832;0.6818;72.0565;198.7043
trans.alpha.carotene;22;list('adj',''), list('red',c(1,1300,1)), list('snv',''), list('sder',c(1, 2, 25));{'n_estimators': 100, 'min_samples_split': 5, 'min_samples_leaf': 2, 'max_features': 0.3, 'max_depth': 10};0.9726;0.6264;89.3485;215.2891
trans.alpha.carotene;23;list('adj',''), list('red',c(1,1300,1)), list('snv',''), list('sder',c(1, 2, 31));{'n_estimators': 100, 'min_samples_split': 2, 'min_samples_leaf': 1, 'max_features': 0.3, 'max_depth': 10};0.9797;0.6346;79.4277;212.9336
trans.alpha.carotene;24;list('adj',''), list('red',c(1,1300,1)), list('snv',''), list('sder',c(1, 2, 35));{'n_estimators': 500, 'min_samples_split': 2, 'min_samples_leaf': 1, 'max_features': 'sqrt', 'max_depth': 20};0.9785;0.5519;84.584;235.7759
trans.alpha.carotene;25;list('adj',''), list('red',c(1,1300,1)), list('snv',''), list('sder',c(1, 3, 5));{'n_estimators': 100, 'min_samples_split': 5, 'min_samples_leaf': 2, 'max_features': 0.3, 'max_depth': 10};0.9637;0.4932;103.7794;250.7599
trans.alpha.carotene;26;list('adj',''), list('red',c(1,1300,1)), list('snv',''), list('sder',c(1, 3, 9));{'n_estimators': 200, 'min_samples_split': 5, 'min_samples_leaf': 1, 'max_features': 'sqrt', 'max_depth': None};0.9677;0.509;104.6044;246.8049
trans.alpha.carotene;27;list('adj',''), list('red',c(1,1300,1)), list('snv',''), list('sder',c(1, 3, 11));{'n_estimators': 200, 'min_samples_split': 2, 'min_samples_leaf': 4, 'max_features': 'sqrt', 'max_depth': None};0.9328;0.51;140.6575;246.5701
trans.alpha.carotene;28;list('adj',''), list('red',c(1,1300,1)), list('snv',''), list('sder',c(1, 3, 15));{'n_estimators': 100, 'min_samples_split': 2, 'min_samples_leaf': 1, 'max_features': 0.3, 'max_depth': 10};0.9721;0.5319;94.6078;240.994
trans.alpha.carotene;29;list('adj',''), list('red',c(1,1300,1)), list('snv',''), list('sder',c(1, 3, 21));{'n_estimators': 200, 'min_samples_split': 5, 'min_samples_leaf': 4, 'max_features': 'sqrt', 'max_depth': 10};0.9362;0.5375;135.5583;239.5421
trans.alpha.carotene;30;list('adj',''), list('red',c(1,1300,1)), list('snv',''), list('sder',c(1, 3, 25));{'n_estimators': 300, 'min_samples_split': 2, 'min_samples_leaf': 2, 'max_features': 0.3, 'max_depth': 20};0.9751;0.5878;89.0772;226.1318
trans.alpha.carotene;31;list('adj',''), list('red',c(1,1300,1)), list('snv',''), list('sder',c(1, 3, 31));{'n_estimators': 300, 'min_samples_split': 2, 'min_samples_leaf': 2, 'max_features': 0.3, 'max_depth': 20};0.9771;0.6065;84.5165;220.9673
trans.alpha.carotene;32;list('adj',''), list('red',c(1,1300,1)), list('snv',''), list('sder',c(1, 3, 35));{'n_estimators': 100, 'min_samples_split': 2, 'min_samples_leaf': 1, 'max_features': 0.3, 'max_depth': 10};0.984;0.6342;72.8876;213.0256
trans.alpha.carotene;33;list('adj',''), list('red',c(1,1300,1)), list('snv',''), list('sder',c(2, 2, 9));{'n_estimators': 100, 'min_samples_split': 5, 'min_samples_leaf': 2, 'max_features': 0.3, 'max_depth': 10};0.9698;0.4389;106.3691;263.8356
trans.alpha.carotene;34;list('adj',''), list('red',c(1,1300,1)), list('snv',''), list('sder',c(2, 2, 11));{'n_estimators': 100, 'min_samples_split': 2, 'min_samples_leaf': 1, 'max_features': 'sqrt', 'max_depth': 10};0.9815;0.4735;92.0944;255.5907
trans.alpha.carotene;35;list('adj',''), list('red',c(1,1300,1)), list('snv',''), list('sder',c(2, 2, 15));{'n_estimators': 100, 'min_samples_split': 2, 'min_samples_leaf': 1, 'max_features': 'log2', 'max_depth': 10};0.9811;0.4962;92.8693;250.0123
trans.alpha.carotene;36;list('adj',''), list('red',c(1,1300,1)), list('snv',''), list('sder',c(2, 2, 21));{'n_estimators': 200, 'min_samples_split': 5, 'min_samples_leaf': 1, 'max_features': 'sqrt', 'max_depth': None};0.9716;0.5165;100.8629;244.9195
trans.alpha.carotene;37;list('adj',''), list('red',c(1,1300,1)), list('snv',''), list('sder',c(2, 2, 25));{'n_estimators': 100, 'min_samples_split': 2, 'min_samples_leaf': 1, 'max_features': 'log2', 'max_depth': 10};0.9776;0.5367;92.7641;239.7502
trans.alpha.carotene;38;list('adj',''), list('red',c(1,1300,1)), list('snv',''), list('sder',c(2, 2, 31));{'n_estimators': 200, 'min_samples_split': 5, 'min_samples_leaf': 1, 'max_features': 'sqrt', 'max_depth': None};0.9671;0.5439;104.0797;237.8769
trans.alpha.carotene;39;list('adj',''), list('red',c(1,1300,1)), list('snv',''), list('sder',c(2, 2, 35));{'n_estimators': 100, 'min_samples_split': 2, 'min_samples_leaf': 4, 'max_features': 'sqrt', 'max_depth': 10};0.9321;0.5407;139.3589;238.7088
trans.alpha.carotene;40;list('adj',''), list('red',c(1,1300,1)), list('snv',''), list('sder',c(2, 3, 9));{'n_estimators': 100, 'min_samples_split': 5, 'min_samples_leaf': 2, 'max_features': 0.3, 'max_depth': 10};0.9699;0.438;106.1345;264.0687
trans.alpha.carotene;41;list('adj',''), list('red',c(1,1300,1)), list('snv',''), list('sder',c(2, 3, 11));{'n_estimators': 100, 'min_samples_split': 2, 'min_samples_leaf': 1, 'max_features': 'sqrt', 'max_depth': 10};0.9821;0.4717;91.5424;256.0155
trans.alpha.carotene;42;list('adj',''), list('red',c(1,1300,1)), list('snv',''), list('sder',c(2, 3, 15));{'n_estimators': 100, 'min_samples_split': 2, 'min_samples_leaf': 1, 'max_features': 'sqrt', 'max_depth': 10};0.9794;0.5027;94.0207;248.4042
trans.alpha.carotene;43;list('adj',''), list('red',c(1,1300,1)), list('snv',''), list('sder',c(2, 3, 21));{'n_estimators': 200, 'min_samples_split': 5, 'min_samples_leaf': 1, 'max_features': 'sqrt', 'max_depth': None};0.9721;0.5219;100.3852;243.5513
trans.alpha.carotene;44;list('adj',''), list('red',c(1,1300,1)), list('snv',''), list('sder',c(2, 3, 25));{'n_estimators': 100, 'min_samples_split': 2, 'min_samples_leaf': 1, 'max_features': 'log2', 'max_depth': 10};0.9773;0.5395;92.1257;239.0226
trans.alpha.carotene;45;list('adj',''), list('red',c(1,1300,1)), list('snv',''), list('sder',c(2, 3, 31));{'n_estimators': 200, 'min_samples_split': 5, 'min_samples_leaf': 1, 'max_features': 'sqrt', 'max_depth': None};0.9663;0.5464;105.1776;237.2232
trans.alpha.carotene;46;list('adj',''), list('red',c(1,1300,1)), list('snv',''), list('sder',c(2, 3, 35));{'n_estimators': 100, 'min_samples_split': 2, 'min_samples_leaf': 4, 'max_features': 'sqrt', 'max_depth': 10};0.9327;0.5331;139.2286;240.6827
trans.alpha.carotene;47;list('adj',''), list('red',c(1,1400,1)), list('snv',''), list('sder',c(2,3,15));{'n_estimators': 100, 'min_samples_split': 2, 'min_samples_leaf': 1, 'max_features': 'sqrt', 'max_depth': 10};0.9792;0.5005;94.2423;248.9457
trans.alpha.carotene;48;list('adj',''),list('red',c(40,1300,1)),list('snv',''),list('sder',c(2,3,15));{'n_estimators': 100, 'min_samples_split': 2, 'min_samples_leaf': 1, 'max_features': 'log2', 'max_depth': 10};0.9812;0.4979;94.2527;249.5918
trans.alpha.carotene;49;list('adj',''), list('red',c(800,750,1)), list('snv',''), list('sder',c(2,3,15));{'n_estimators': 500, 'min_samples_split': 10, 'min_samples_leaf': 4, 'max_features': 'log2', 'max_depth': 10};0.9044;0.0048;225.1703;351.3875
trans.alpha.carotene;50;list('adj',''), list('red',c(800,1100,1)), list('snv',''), list('sder',c(1,3,11));{'n_estimators': 500, 'min_samples_split': 10, 'min_samples_leaf': 4, 'max_features': 'log2', 'max_depth': 10};0.8678;-0.0143;235.8679;354.7495
trans.alpha.carotene;51;list('adj',''), list('red',c(800,1100,1)), list('snv',''), list('sder',c(1,3,15));{'n_estimators': 500, 'min_samples_split': 10, 'min_samples_leaf': 4, 'max_features': 'log2', 'max_depth': 10};0.8641;-0.0098;236.6275;353.9571
trans.alpha.carotene;52;list('adj',''), list('red',c(800,1100,1)), list('snv',''), list('sder',c(2,3,15));{'n_estimators': 100, 'min_samples_split': 2, 'min_samples_leaf': 4, 'max_features': 'sqrt', 'max_depth': 10};0.9158;0.0449;206.3964;344.2425
trans.alpha.carotene;53;list('adj',''), list('red',c(800,1100,1)), list('snv',''), list('sder',c(2,3,21));{'n_estimators': 500, 'min_samples_split': 2, 'min_samples_leaf': 4, 'max_features': 'log2', 'max_depth': None};0.9028;0.025;223.2093;347.797
trans.alpha.carotene;54;list('adj',''),list('red',c(950,20,1)),list('snv',''),list('sder',c(1,3,15));{'n_estimators': 500, 'min_samples_split': 2, 'min_samples_leaf': 4, 'max_features': 'log2', 'max_depth': None};0.9107;-0.0271;223.1864;356.9819
trans.alpha.carotene;55;list('adj',''),list('red',c(950,20,1)),list('snv',''),list('sder',c(2,3,15));{'n_estimators': 500, 'min_samples_split': 10, 'min_samples_leaf': 4, 'max_features': 'log2', 'max_depth': 10};0.9104;-0.0129;230.5113;354.5055
trans.alpha.carotene;56;list('adj',''), list('red',c(950,650,1)), list('snv',''), list('sder',c(2,3,15));{'n_estimators': 500, 'min_samples_split': 2, 'min_samples_leaf': 4, 'max_features': 'log2', 'max_depth': None};0.9155;-0.0249;221.7532;356.5844
trans.alpha.carotene;57;list('adj',''), list('red',c(950,750,1)), list('snv',''), list('sder',c(0,3,15));{'n_estimators': 500, 'min_samples_split': 10, 'min_samples_leaf': 4, 'max_features': 'log2', 'max_depth': 10};0.7761;-0.1055;256.2382;370.3447
trans.alpha.carotene;58;list('adj',''), list('red',c(950,750,1)), list('snv',''), list('sder',c(0,3,21));{'n_estimators': 500, 'min_samples_split': 10, 'min_samples_leaf': 4, 'max_features': 'log2', 'max_depth': 10};0.7741;-0.1049;256.8093;370.2402
trans.alpha.carotene;59;list('adj',''), list('red',c(950,750,1)), list('snv',''), list('sder',c(0,3,25));{'n_estimators': 500, 'min_samples_split': 10, 'min_samples_leaf': 4, 'max_features': 'log2', 'max_depth': 10};0.7741;-0.1062;256.6692;370.4587
trans.alpha.carotene;60;list('adj',''), list('red',c(950,750,1)), list('snv',''), list('sder',c(0,3,31));{'n_estimators': 500, 'min_samples_split': 10, 'min_samples_leaf': 4, 'max_features': 'log2', 'max_depth': 10};0.7746;-0.105;256.8933;370.2625
trans.alpha.carotene;61;list('adj',''), list('red',c(950,750,1)), list('snv',''), list('sder',c(1,3,11));{'n_estimators': 500, 'min_samples_split': 10, 'min_samples_leaf': 4, 'max_features': 'log2', 'max_depth': 10};0.8482;-0.0336;243.8423;358.1022
trans.alpha.carotene;62;list('adj',''), list('red',c(950,750,1)), list('snv',''), list('sder',c(1,3,15));{'n_estimators': 500, 'min_samples_split': 10, 'min_samples_leaf': 4, 'max_features': 'log2', 'max_depth': 10};0.8493;-0.0213;242.9915;355.9616
trans.alpha.carotene;63;list('adj',''), list('red',c(950,750,1)), list('snv',''), list('sder',c(1,3,21));{'n_estimators': 500, 'min_samples_split': 10, 'min_samples_leaf': 4, 'max_features': 'log2', 'max_depth': 10};0.8317;-0.0164;245.2846;355.1168
trans.alpha.carotene;64;list('adj',''), list('red',c(950,750,1)), list('snv',''), list('sder',c(1,3,31));{'n_estimators': 500, 'min_samples_split': 10, 'min_samples_leaf': 4, 'max_features': 'log2', 'max_depth': 10};0.822;-0.0259;246.5265;356.7583
trans.alpha.carotene;65;list('adj',''), list('red',c(950,750,1)), list('snv',''), list('sder',c(2,3,15));{'n_estimators': 500, 'min_samples_split': 10, 'min_samples_leaf': 4, 'max_features': 'log2', 'max_depth': 10};0.8991;-0.0162;232.3784;355.0701
trans.alpha.carotene;66;list('adj',''), list('red',c(1000,700,1)), list('snv',''), list('sder',c(2,3,15));{'n_estimators': 500, 'min_samples_split': 10, 'min_samples_leaf': 4, 'max_features': 'log2', 'max_depth': 10};0.898;0.007;228.8217;351.0011
trans.alpha.carotene;67;list('adj',''), list('red',c(1000,750,1)), list('snv',''), list('sder',c(2,3,15));{'n_estimators': 500, 'min_samples_split': 10, 'min_samples_leaf': 4, 'max_features': 'log2', 'max_depth': 10};0.8986;-0.016;230.5474;355.038
trans.alpha.carotene;68;list('adj',''), list('red',c(1100,600,1)), list('snv',''), list('sder',c(1,3,15));{'n_estimators': 100, 'min_samples_split': 2, 'min_samples_leaf': 4, 'max_features': 'sqrt', 'max_depth': 10};0.9044;0.0078;218.1643;350.8632
trans.alpha.carotene;69;list('adj',''), list('red',c(1100,600,1)), list('snv',''), list('sder',c(1,3,21));{'n_estimators': 500, 'min_samples_split': 2, 'min_samples_leaf': 4, 'max_features': 'log2', 'max_depth': None};0.8885;-0.0017;230.0871;352.5246
trans.alpha.carotene;70;list('adj',''), list('red',c(1100,600,1)), list('snv',''), list('sder',c(2,3,15));{'n_estimators': 500, 'min_samples_split': 2, 'min_samples_leaf': 4, 'max_features': 'log2', 'max_depth': None};0.9225;-0.0014;217.9731;352.4888
trans.alpha.carotene;71;list('adj',''), list('red',c(1100,600,1)), list('snv',''), list('sder',c(2,3,21));{'n_estimators': 500, 'min_samples_split': 2, 'min_samples_leaf': 4, 'max_features': 'log2', 'max_depth': None};0.9111;-0.0137;223.2804;354.6424
trans.alpha.carotene;72;list('adj',''), list('red',c(1,1300,1)), list('sder',c(1,2,11)), list('snv','');{'n_estimators': 300, 'min_samples_split': 5, 'min_samples_leaf': 1, 'max_features': 0.3, 'max_depth': None};0.9792;0.6335;85.3488;213.2302
trans.alpha.carotene;73;list('adj',''), list('red',c(1,1300,1)), list('sder',c(1,2,15)), list('snv','');{'n_estimators': 100, 'min_samples_split': 2, 'min_samples_leaf': 1, 'max_features': 0.3, 'max_depth': 10};0.9821;0.655;74.3676;206.9049
trans.alpha.carotene;74;list('adj',''), list('red',c(1,1300,1)), list('sder',c(1,3,15)), list('snv','');{'n_estimators': 500, 'min_samples_split': 5, 'min_samples_leaf': 4, 'max_features': 0.3, 'max_depth': 20};0.9505;0.5498;121.1624;236.332
trans.alpha.carotene;75;list('adj',''), list('red',c(1,1300,1)), list('sder',c(1,3,21)), list('snv','');{'n_estimators': 300, 'min_samples_split': 2, 'min_samples_leaf': 2, 'max_features': 0.3, 'max_depth': 20};0.9749;0.5756;90.0421;229.4728
trans.alpha.carotene;76;list('adj',''), list('red',c(1,1300,1)), list('sder',c(2,3,15)), list('snv','');{'n_estimators': 500, 'min_samples_split': 2, 'min_samples_leaf': 1, 'max_features': 'sqrt', 'max_depth': 20};0.9774;0.451;94.4307;260.9749
trans.alpha.carotene;77;list('adj',''), list('red',c(1,1300,1)), list('sder',c(2,3,21)), list('snv','');{'n_estimators': 300, 'min_samples_split': 2, 'min_samples_leaf': 2, 'max_features': 0.3, 'max_depth': 20};0.9678;0.4944;102.7229;250.4497
trans.alpha.carotene;78;list('adj',''), list('red',c(1,1300,1)), list('snv',''), list('detr','2');{'n_estimators': 300, 'min_samples_split': 2, 'min_samples_leaf': 2, 'max_features': 0.3, 'max_depth': 20};0.9564;0.3876;116.5412;275.638
trans.alpha.carotene;79;list('adj',''), list('red',c(1,1300,1)), list('snv',''), list('detr','3');{'n_estimators': 300, 'min_samples_split': 2, 'min_samples_leaf': 2, 'max_features': 0.3, 'max_depth': 20};0.9564;0.3876;116.5412;275.638
trans.alpha.carotene;80;list('adj',''), list('red',c(950,750,1)), list('snv',''), list('detr','2');{'n_estimators': 500, 'min_samples_split': 5, 'min_samples_leaf': 4, 'max_features': 0.3, 'max_depth': 20};0.8588;-0.1004;227.148;369.4907
trans.alpha.carotene;81;list('adj',''), list('red',c(950,750,1)), list('snv',''), list('detr','2'), list('sder',c(0, 2, 21));{'n_estimators': 500, 'min_samples_split': 5, 'min_samples_leaf': 4, 'max_features': 0.3, 'max_depth': 20};0.8596;-0.0928;228.1713;368.2083
trans.alpha.carotene;82;list('adj',''), list('red',c(950,750,1)), list('snv',''), list('detr','2'), list('sder',c(0, 2, 25));{'n_estimators': 500, 'min_samples_split': 5, 'min_samples_leaf': 4, 'max_features': 0.3, 'max_depth': 20};0.8573;-0.0954;228.5671;368.659
trans.alpha.carotene;83;list('adj',''), list('red',c(950,750,1)), list('snv',''), list('detr','2'), list('sder',c(0, 3, 21));{'n_estimators': 500, 'min_samples_split': 5, 'min_samples_leaf': 4, 'max_features': 0.3, 'max_depth': 20};0.8598;-0.0927;228.1251;368.1949
trans.alpha.carotene;84;list('adj',''), list('red',c(950,750,1)), list('snv',''), list('detr','2'), list('sder',c(1, 3, 9));{'n_estimators': 500, 'min_samples_split': 10, 'min_samples_leaf': 4, 'max_features': 'log2', 'max_depth': 10};0.8727;-0.042;238.8199;359.5501
trans.alpha.carotene;85;list('adj',''), list('red',c(950,750,1)), list('snv',''), list('detr','2'), list('sder',c(1, 3, 15));{'n_estimators': 500, 'min_samples_split': 10, 'min_samples_leaf': 4, 'max_features': 'log2', 'max_depth': 10};0.872;-0.0339;238.3399;358.1521
trans.alpha.carotene;86;list('adj',''), list('red',c(1,1300,1)), list('snv',''), list('detr','2'), list('sder',c(0, 2, 21));{'n_estimators': 100, 'min_samples_split': 2, 'min_samples_leaf': 4, 'max_features': 'sqrt', 'max_depth': 10};0.9004;0.3913;162.7316;274.8026
trans.alpha.carotene;87;list('adj',''), list('red',c(1,1300,1)), list('snv',''), list('detr','2'), list('sder',c(0, 2, 25));{'n_estimators': 100, 'min_samples_split': 2, 'min_samples_leaf': 4, 'max_features': 'sqrt', 'max_depth': 10};0.9004;0.3923;162.5962;274.5953
trans.alpha.carotene;88;list('adj',''), list('red',c(1,1300,1)), list('snv',''), list('detr','2'), list('sder',c(0, 3, 21));{'n_estimators': 100, 'min_samples_split': 2, 'min_samples_leaf': 4, 'max_features': 'sqrt', 'max_depth': 10};0.9009;0.3948;162.5504;274.0239
trans.alpha.carotene;89;list('adj',''), list('red',c(1,1300,1)), list('snv',''), list('detr','2'), list('sder',c(1, 3, 9));{'n_estimators': 500, 'min_samples_split': 5, 'min_samples_leaf': 4, 'max_features': 0.3, 'max_depth': 20};0.9457;0.52;123.8419;244.0373
trans.alpha.carotene;90;list('adj',''), list('red',c(1,1300,1)), list('snv',''), list('detr','2'), list('sder',c(1, 3, 11));{'n_estimators': 100, 'min_samples_split': 5, 'min_samples_leaf': 2, 'max_features': 0.3, 'max_depth': 10};0.9616;0.5181;106.8391;244.522
trans.alpha.carotene;91;list('adj',''), list('red',c(1,1300,1)), list('snv',''), list('detr','2'), list('sder',c(1, 3, 15));{'n_estimators': 200, 'min_samples_split': 2, 'min_samples_leaf': 4, 'max_features': 0.3, 'max_depth': 20};0.9439;0.5231;127.252;243.2424
trans.alpha.carotene;92;list('adj',''), list('red',c(1,1300,1)), list('snv',''), list('detr','2'), list('sder',c(1, 3, 21));{'n_estimators': 100, 'min_samples_split': 5, 'min_samples_leaf': 2, 'max_features': 'sqrt', 'max_depth': 10};0.9636;0.541;105.9764;238.6449
trans.alpha.carotene;93;list('adj',''), list('red',c(1,1300,1)), list('snv',''), list('detr','2'), list('sder',c(2, 3, 15));{'n_estimators': 100, 'min_samples_split': 2, 'min_samples_leaf': 1, 'max_features': 'sqrt', 'max_depth': 10};0.9795;0.5035;93.9179;248.1965
trans.alpha.carotene;94;list('adj',''), list('red',c(1,1300,1)), list('snv',''), list('detr','2'), list('sder',c(2, 3, 21));{'n_estimators': 200, 'min_samples_split': 5, 'min_samples_leaf': 1, 'max_features': 'sqrt', 'max_depth': None};0.9721;0.522;100.3852;243.5336
trans.alpha.carotene;95;list('adj',''), list('red',c(1,1300,1)), list('snv',''), list('detr','3'), list('sder',c(1, 3, 15));{'n_estimators': 200, 'min_samples_split': 2, 'min_samples_leaf': 4, 'max_features': 0.3, 'max_depth': 20};0.9439;0.5231;127.252;243.2424
trans.alpha.carotene;96;list('adj',''), list('red',c(1,1300,1)), list('snv',''), list('detr','3'), list('sder',c(2, 3, 21));{'n_estimators': 200, 'min_samples_split': 5, 'min_samples_leaf': 1, 'max_features': 'sqrt', 'max_depth': None};0.9721;0.522;100.3852;243.5336
trans.alpha.carotene;97;list('adj',''), list('red',c(1,1300,1)), list('msc','');{'n_estimators': 100, 'min_samples_split': 2, 'min_samples_leaf': 1, 'max_features': 'log2', 'max_depth': 10};0.9749;0.4816;97.8613;253.6099
trans.alpha.carotene;98;list('adj',''), list('red',c(950,750,1)), list('msc','');{'n_estimators': 200, 'min_samples_split': 5, 'min_samples_leaf': 4, 'max_features': 'sqrt', 'max_depth': 10};0.771;-0.1272;258.2216;373.9602
trans.alpha.carotene;99;list('adj',''), list('red',c(1,1300,1)), list('msc',''), list('sder',c(0, 2, 15));{'n_estimators': 100, 'min_samples_split': 2, 'min_samples_leaf': 1, 'max_features': 'log2', 'max_depth': 10};0.9737;0.4741;99.1715;255.4357
trans.alpha.carotene;100;list('adj',''), list('red',c(1,1300,1)), list('msc',''), list('sder',c(0, 3, 21));{'n_estimators': 100, 'min_samples_split': 2, 'min_samples_leaf': 1, 'max_features': 'log2', 'max_depth': 10};0.974;0.476;99.1438;254.9717
trans.alpha.carotene;101;list('adj',''), list('red',c(1,1300,1)), list('msc',''), list('sder',c(1, 2, 5));{'n_estimators': 100, 'min_samples_split': 2, 'min_samples_leaf': 1, 'max_features': 0.3, 'max_depth': 10};0.9731;0.5011;96.2643;248.8048
trans.alpha.carotene;102;list('adj',''), list('red',c(1,1300,1)), list('msc',''), list('sder',c(1, 2, 11));{'n_estimators': 500, 'min_samples_split': 2, 'min_samples_leaf': 1, 'max_features': 'sqrt', 'max_depth': 20};0.9792;0.526;86.4505;242.5061
trans.alpha.carotene;103;list('adj',''), list('red',c(1,1300,1)), list('msc',''), list('sder',c(1, 2, 15));{'n_estimators': 300, 'min_samples_split': 2, 'min_samples_leaf': 2, 'max_features': 0.3, 'max_depth': 20};0.9723;0.5581;91.8256;234.1495
trans.alpha.carotene;104;list('adj',''), list('red',c(1,1300,1)), list('msc',''), list('sder',c(1, 2, 21));{'n_estimators': 100, 'min_samples_split': 2, 'min_samples_leaf': 1, 'max_features': 0.3, 'max_depth': 10};0.9785;0.6508;79.5399;208.136
trans.alpha.carotene;105;list('adj',''), list('red',c(1,1300,1)), list('msc',''), list('sder',c(1, 2, 31));{'n_estimators': 200, 'min_samples_split': 10, 'min_samples_leaf': 2, 'max_features': 0.3, 'max_depth': None};0.9308;0.5539;134.6138;235.2503
trans.alpha.carotene;106;list('adj',''), list('red',c(1,1300,1)), list('msc',''), list('sder',c(1, 3, 5));{'n_estimators': 300, 'min_samples_split': 2, 'min_samples_leaf': 2, 'max_features': 0.3, 'max_depth': 20};0.9662;0.478;105.6511;254.4828
trans.alpha.carotene;107;list('adj',''), list('red',c(1,1300,1)), list('msc',''), list('sder',c(1, 3, 11));{'n_estimators': 300, 'min_samples_split': 5, 'min_samples_leaf': 1, 'max_features': 0.3, 'max_depth': None};0.9686;0.496;102.4674;250.0607
trans.alpha.carotene;108;list('adj',''), list('red',c(1,1300,1)), list('msc',''), list('sder',c(1, 3, 15));{'n_estimators': 300, 'min_samples_split': 2, 'min_samples_leaf': 2, 'max_features': 0.3, 'max_depth': 20};0.9688;0.5334;99.3232;240.5919
trans.alpha.carotene;109;list('adj',''), list('red',c(1,1300,1)), list('msc',''), list('sder',c(1, 3, 21));{'n_estimators': 500, 'min_samples_split': 2, 'min_samples_leaf': 1, 'max_features': 'sqrt', 'max_depth': 20};0.9794;0.5322;86.7147;240.9245
trans.alpha.carotene;110;list('adj',''), list('red',c(1,1300,1)), list('msc',''), list('sder',c(1, 3, 31));{'n_estimators': 500, 'min_samples_split': 5, 'min_samples_leaf': 4, 'max_features': 0.3, 'max_depth': 20};0.9465;0.6008;120.5981;222.5427
trans.alpha.carotene;111;list('adj',''), list('red',c(1,1300,1)), list('msc',''), list('sder',c(2, 2, 11));{'n_estimators': 100, 'min_samples_split': 10, 'min_samples_leaf': 1, 'max_features': 'sqrt', 'max_depth': 10};0.9491;0.4504;138.8285;261.1318
trans.alpha.carotene;112;list('adj',''), list('red',c(1,1300,1)), list('msc',''), list('sder',c(2, 2, 15));{'n_estimators': 100, 'min_samples_split': 5, 'min_samples_leaf': 2, 'max_features': 0.3, 'max_depth': 10};0.9702;0.511;102.6003;246.3217
trans.alpha.carotene;113;list('adj',''), list('red',c(1,1300,1)), list('msc',''), list('sder',c(2, 2, 21));{'n_estimators': 100, 'min_samples_split': 2, 'min_samples_leaf': 1, 'max_features': 'sqrt', 'max_depth': 10};0.9759;0.5347;95.4939;240.2621
trans.alpha.carotene;114;list('adj',''), list('red',c(1,1300,1)), list('msc',''), list('sder',c(2, 2, 31));{'n_estimators': 100, 'min_samples_split': 2, 'min_samples_leaf': 1, 'max_features': 'sqrt', 'max_depth': 10};0.9763;0.5387;93.1994;239.2377
trans.alpha.carotene;115;list('adj',''), list('red',c(1,1300,1)), list('msc',''), list('sder',c(2, 3, 11));{'n_estimators': 100, 'min_samples_split': 10, 'min_samples_leaf': 1, 'max_features': 'sqrt', 'max_depth': 10};0.9495;0.452;138.4463;260.7425
trans.alpha.carotene;116;list('adj',''), list('red',c(1,1300,1)), list('msc',''), list('sder',c(2, 3, 15));{'n_estimators': 100, 'min_samples_split': 5, 'min_samples_leaf': 2, 'max_features': 0.3, 'max_depth': 10};0.9705;0.5078;102.3611;247.1155
trans.alpha.carotene;117;list('adj',''), list('red',c(1,1300,1)), list('msc',''), list('sder',c(2, 3, 21));{'n_estimators': 100, 'min_samples_split': 2, 'min_samples_leaf': 1, 'max_features': 'sqrt', 'max_depth': 10};0.9752;0.5367;96.4973;239.7573
trans.alpha.carotene;118;list('adj',''), list('red',c(1,1300,1)), list('msc',''), list('sder',c(2, 3, 31));{'n_estimators': 100, 'min_samples_split': 2, 'min_samples_leaf': 1, 'max_features': 'sqrt', 'max_depth': 10};0.974;0.5341;95.0127;240.4166
trans.alpha.carotene;119;list('adj',''), list('red',c(950,750,1)), list('msc',''), list('sder',c(1,3,15));{'n_estimators': 100, 'min_samples_split': 2, 'min_samples_leaf': 4, 'max_features': 'sqrt', 'max_depth': 10};0.8584;-0.0043;228.0345;352.9825
trans.alpha.carotene;120;list('adj',''), list('red',c(950,750,1)), list('msc',''), list('sder',c(1,3,21));{'n_estimators': 500, 'min_samples_split': 2, 'min_samples_leaf': 4, 'max_features': 'log2', 'max_depth': None};0.8389;-0.0255;244.8751;356.6909
trans.alpha.carotene;121;list('adj',''), list('red',c(1,1300,1)), list('sder',c(1,3,15)), list('msc','');{'n_estimators': 300, 'min_samples_split': 2, 'min_samples_leaf': 2, 'max_features': 0.3, 'max_depth': 20};0.9688;0.5334;99.3232;240.5919
trans.alpha.carotene;122;list('adj',''), list('red',c(1,1300,1)), list('sder',c(2,3,15)), list('msc','');{'n_estimators': 100, 'min_samples_split': 5, 'min_samples_leaf': 2, 'max_features': 0.3, 'max_depth': 10};0.9705;0.5078;102.3611;247.1155
trans.alpha.carotene;123;list('adj',''), list('red',c(1,1300,1)), list('msc',''), list('detr','2');{'n_estimators': 300, 'min_samples_split': 2, 'min_samples_leaf': 2, 'max_features': 0.3, 'max_depth': 20};0.9579;0.4564;115.8485;259.6991
trans.alpha.carotene;124;list('adj',''), list('red',c(1,1300,1)), list('msc',''), list('detr','3');{'n_estimators': 300, 'min_samples_split': 2, 'min_samples_leaf': 2, 'max_features': 0.3, 'max_depth': 20};0.9579;0.4564;115.8485;259.6991
trans.alpha.carotene;125;list('adj',''), list('red',c(1,1300,1)), list('msc',''), list('detr','2'), list('sder',c(1,3,15));{'n_estimators': 100, 'min_samples_split': 2, 'min_samples_leaf': 1, 'max_features': 0.3, 'max_depth': 10};0.9762;0.5657;89.0694;232.1256
trans.alpha.carotene;126;list('adj',''), list('red',c(1,1300,1)), list('msc',''), list('detr','2'), list('sder',c(2,3,15));{'n_estimators': 100, 'min_samples_split': 5, 'min_samples_leaf': 2, 'max_features': 0.3, 'max_depth': 10};0.9701;0.5081;102.7257;247.0503
trans.alpha.carotene;127;list('adj',''), list('red',c(1,1300,1)), list('msc',''), list('detr','3'), list('sder',c(2,4,31));{'n_estimators': 200, 'min_samples_split': 5, 'min_samples_leaf': 1, 'max_features': 'sqrt', 'max_depth': None};0.9701;0.5099;107.5606;246.5813
trans.alpha.carotene;172;list('snv',''),list('sder',c(1,3,9)),list('red',c(10,10,1));{'n_estimators': 300, 'min_samples_split': 5, 'min_samples_leaf': 1, 'max_features': 0.3, 'max_depth': None};0.9687;0.5048;100.1867;247.8769
trans.alpha.carotene;173;list('adj',''), list('red',c(1,1300,1)), list('sder',c(2,4,21)), list('snv','');{'n_estimators': 300, 'min_samples_split': 5, 'min_samples_leaf': 2, 'max_features': 'sqrt', 'max_depth': 10};0.9624;0.4259;116.5863;266.8751
trans.alpha.carotene;174;list('adj',''), list('red',c(1,1300,1)), list('snv',''), list('detr','3'), list('sder',c(2,4,25));{'n_estimators': 100, 'min_samples_split': 2, 'min_samples_leaf': 4, 'max_features': 'sqrt', 'max_depth': 10};0.9349;0.5031;142.6494;248.2861
